0.15 0.85
0.85 0.5

0.0 0.6
0.14 0.61
0.14 0.46
0.14 0.4
0.16 0.33
0.19 0.28
0.22 0.26
0.26 0.22
0.3 0.2
0.37 0.19
0.4 0.2
0.46 0.17
0.5 0.15
0.54 0.14
0.58 0.14
0.6 0.14
0.63 0.14
0.64 0.17
0.66 0.2
0.66 0.25
0.67 0.29
0.67 0.33
0.67 0.4
0.66 0.47
0.66 0.54
0.67 0.62
0.69 0.67
0.7 0.69
0.71 0.67
0.72 0.62
0.72 0.56
0.72 0.46
0.72 0.45
0.71 0.15
0.95 0.15
0.94 0.5
0.80 0.5
0.80 0.42
0.79 0.45
0.78 0.5
0.78 0.59
0.77 0.66
0.76 0.72
0.74 0.77
0.72 0.8
0.68 0.79
0.65 0.77
0.62 0.7
0.61 0.63
0.61 0.56
0.6 0.47
0.61 0.4
0.62 0.35
0.6 0.25
0.58 0.25
0.53 0.26
0.49 0.29
0.44 0.3
0.37 0.32
0.34 0.33
0.27 0.35
0.23 0.39
0.21 0.46
0.2 0.53
0.3 0.85
0.0 0.85
0.0 1
1   1
1   0.0
0.0 0.0

0.69 0.74 fuel
0.57  0.2 time
